,M1,M2,M3,M4,M5,M6
M1,1.0,0.9991219404191745,0.9999957338616567,0.9657143640275273,0.9904254715789902,0.981162136982163
M2,0.9991219404191745,1.0,0.9989953830242071,0.9543682170669803,0.9838429020437569,0.9883223349698543
M3,0.9999957338616567,0.9989953830242071,1.0,0.9664487030127282,0.9908215559914404,0.9806018394224236
M4,0.9657143640275273,0.9543682170669803,0.9664487030127282,1.0,0.9920904497794235,0.9011803523766209
M5,0.9904254715789902,0.9838429020437569,0.9908215559914404,0.9920904497794235,1.0,0.9461958337687894
M6,0.981162136982163,0.9883223349698543,0.9806018394224236,0.9011803523766209,0.9461958337687894,1.0
